Particulars 2016 2017 2018 2019 2020
Gross premium 3,163.27 3,293.55 3,678.63 4,164.15 3,676.75
Net premium 1,322.03 1,524.36 1,660.53 1,996.82 1,609.36
Net claims 334.48 371.15 470.93 565.48 389.77
Underwriting profit 385.15 399.96 403.07 413.55 965.40
Investment income 175.52 188.45 208.58 263.41 299.80
Earnings before interest and tax 314.08 378.35 371.18 522.59 1,111.33
Net profit after tax 248.58 243.10 249.41 300.71 683.80
Investments 5,135.98 5,806.57 5,361.18 5,346.07 5,432.46
Current assets 5,669.38 6,958.39 7,385.50 8,314.40 8,495.17
Total assets 8,588.24 9,843.85 10165.42 11099.72 11304.98
Total liability 2,944.82 3,431.66 4,419.08 5,241.25 5,062.75
Shareholders’ equity 5,643.42 6,412.19 5,746.34 5,858.47 6,242.22